001:006:002:STREAM             1660226110.392073
 02 04 00 00 00 00 00 00

001:006:002:STREAM             1660226110.687037
 02 00 00 00 00 00 00 00

001:006:002:STREAM             1660226112.128908
 02 01 00 00 00 00 00 00

001:006:002:STREAM             1660226112.390840
 02 00 00 00 00 00 00 00

001:006:002:STREAM             1660226113.963664
 02 00 00 2C 00 00 00 00

001:006:002:STREAM             1660226114.291800
 02 00 00 00 00 00 00 00

001:006:001:STREAM             1660226115.798606
 03 00 00 00 FF

001:006:002:STREAM             1660226117.207561
 02 00 00 2B 00 00 00 00

001:006:002:STREAM             1660226117.469477
 02 00 00 00 00 00 00 00

001:006:001:STREAM             1660226118.944499
 03 00 00 00 01

001:006:002:STREAM             1660226120.746359
 02 00 00 30 00 00 00 00

001:006:002:STREAM             1660226121.041313
 02 00 00 00 00 00 00 00

001:006:002:STREAM             1660226121.893251
 02 00 00 2F 00 00 00 00

001:006:002:STREAM             1660226122.254234
 02 00 00 00 00 00 00 00

001:006:002:STREAM             1660226123.729176
 02 01 00 57 00 00 00 00

001:006:002:STREAM             1660226124.122135
 02 00 00 00 00 00 00 00

001:006:002:STREAM             1660226125.400056
 02 01 00 56 00 00 00 00

001:006:002:STREAM             1660226125.759948
 02 00 00 00 00 00 00 00

001:006:002:STREAM             1660226127.234902
 02 00 00 05 00 00 00 00

001:006:002:STREAM             1660226127.693816
 02 00 00 00 00 00 00 00

001:006:002:STREAM             1660226128.676734
 02 00 00 08 00 00 00 00

001:006:002:STREAM             1660226129.069820
 02 00 00 00 00 00 00 00

